26
-58 201 10 西门
308 512 10 南门
16 414 10 S1信息楼
16 1 10 A宿舍楼
185 -46 10 B宿舍楼
494 -10 10 C宿舍楼
622 102 10 D宿舍楼
668 255 10 E宿舍楼
522 421 10 S2宿舍楼
91 132 10 综合楼
127 286 10 南区食堂
312 31 10 学生食堂
465 155 10 办公楼
430 359 10 S3宿舍楼
253 358 10 操场
368 232 10 图书馆
212 208 10 教工食堂
526 330 10 S教学楼
548 80 10 N教学楼
146 460 10 S4宿舍楼
658 409 10 S3宿舍楼
123 29 10 S1教学楼
256 103 10 S2教学楼
5 298 10 S3教学楼
374 134 10 S5宿舍楼
406 466 10 S6宿舍楼
100
6 18
8 17
11 22
12 24
4 21
15 24
13 17
9 21
5 18
1 25
13 25
3 21
8 13
12 18
0 23
16 22
10 16
2 23
11 24
22 24
12 15
8 25
9 16
10 23
5 6
8 20
2 19
13 15
10 14
9 22
14 19
4 11
21 22
17 20
7 20
9 10
14 16
15 16
7 17
3 9
1 14
4 22
5 12
2 10
1 19
14 15
15 22
10 19
3 4
13 14
16 24
17 25
18 24
0 9
12 17
15 17
5 11
14 25
5 24
11 21
4 5
1 13
11 12
6 12
16 21
9 23
11 16
0 10
12 13
11 15
7 18
0 3
6 17
19 23
7 8
10 22
9 11
0 2
7 12
6 7
13 24
16 23
1 20
13 20
15 1
15 25
11 18
2 14
8 15
10 15
17 24
0 21
17 18
14 24
14 22
4 16
10 21
20 25
12 16
7 13
