21
21 -41 10 学生发展中心
-29 82 10 篮球场
223 18 10 主楼
441 -43 10 新科研楼
599 56 10 校医院
645 169 10 漫咖啡
506 289 10 澡堂
581 430 10 物美超市
429 499 10 学一
24 451 10 学二
51 291 10 学三
198 386 10 学四
149 141 10 学十三
429 98 10 学五
317 201 10 学六
365 349 10 教一楼
99 51 10 教二楼
276 95 10 教三楼
195 281 10 清真食堂
284 493 10 新食堂
529 181 10 风味餐厅
100
2 17
12 16
11 18
6 20
14 17
5 20
0 16
4 5
2 16
13 20
1 16
0 1
12 17
11 19
3 13
4 20
2 12
10 18
8 19
14 18
12 18
13 14
13 17
6 15
14 15
6 7
9 10
8 15
15 19
7 8
11 15
10 11
4 13
12 14
10 12
16 17
15 18
5 6
9 11
3 4
1 12
17 18
2 14
6 13
6 14
0 2
14 20
3 17
11 14
2 13
0 12
6 8
1 10
2 3
5 13
18 19
7 15
15 20
3 20
9 18
10 16
16 18
11 12
4 6
7 20
8 11
13 15
1 2
9 19
2 18
14 16
17 20
5 7
15 17
3 14
10 14
12 13
0 17
14 19
3 5
13 18
10 17
1 18
12 15
6 17
11 17
6 19
7 19
1 17
10 19
6 18
4 14
8 14
10 15
8 18
2 10
6 11
4 17
5 14
5 15
