
1
1
2020211301
2
2
2020211302
3
3
2020211303
4
4
2020211304
5
5
2020211305
6
6
2020211306
7
7
2020211307
8
8
2020211308
9
9
2020211309
10
10
2020211310
11
11
2020211301
12
12
2020211302
13
13
2020211303
14
14
2020211304
15
15
2020211305
16
16
2020211306
17
17
2020211307
18
18
2020211308
19
19
2020211309
20
20
2020211310
21
21
2020211301
22
22
2020211302
23
23
2020211303
24
24
2020211304
25
25
2020211305
26
26
2020211306
27
27
2020211307
28
28
2020211308
29
29
2020211309
30
30
2020211310
31
31
2020211301
32
32
2020211302
33
33
2020211303
34
34
2020211304
35
35
2020211305
36
36
2020211306
37
37
2020211307
38
38
2020211308
39
39
2020211309
40
40
2020211310
41
41
2020211301
42
42
2020211302
43
43
2020211303
44
44
2020211304
45
45
2020211305
46
46
2020211306
47
47
2020211307
48
48
2020211308
49
49
2020211309
50
50
2020211310
51
51
2020211301
52
52
2020211302
53
53
2020211303
54
54
2020211304
55
55
2020211305
56
56
2020211306
57
57
2020211307
58
58
2020211308
59
59
2020211309
60
60
2020211310
61
61
2020211301
62
62
2020211302
63
63
2020211303
64
64
2020211304
65
65
2020211305
66
66
2020211306
67
67
2020211307
68
68
2020211308
69
69
2020211309
70
70
2020211310
71
71
2020211301
72
72
2020211302
73
73
2020211303
74
74
2020211304
75
75
2020211305
76
76
2020211306
77
77
2020211307
78
78
2020211308
79
79
2020211309
80
80
2020211310
81
81
2020211301
82
82
2020211302
83
83
2020211303
84
84
2020211304
85
85
2020211305
86
86
2020211306
87
87
2020211307
88
88
2020211308
89
89
2020211309
90
90
2020211310
91
91
2020211301
92
92
2020211302
93
93
2020211303
94
94
2020211304
95
95
2020211305
96
96
2020211306
97
97
2020211307
98
98
2020211308
99
99
2020211309
100
100
2020211310
2020211251
2020211251
0